Multiple size <= 100
TEST 1 ARG:33 87 53 3 44 21 63 12 46 26 36 4 60 72 6 30 2 49 31 56 74 84 70 50 54 15 22 68 79 76 34 96 59 92 69 32 77 7 93 8 43 55 88 19 83 39 80 64 65 13 85 35 45 91 16 10 47 0 20 94 71 57 17 99 52 28 40 37 73 81 9 58 48 67 78 41 14 23 75 86 1 89 24 11 95 42 27 82 98 18 61 38 66 25 90 29 5 97 51 62
TEST 1 ARG:33 87 53 3 44 21 63 12 46 26 36 4 60 72 6 30 2 49 31 56 74 84 70 50 54 15 22 68 79 76 34 96 59 92 69 32 77 7 93 8 43 55 88 19 83 39 80 64 65 13 85 35 45 91 16 10 47 0 20 94 71 57 17 99 52 28 40 37 73 81 9 58 48 67 78 41 14 23 75 86 1 89 24 11 95 42 27 82 98 18 61 38 66 25 90 29 5 97 51 62
TEST 2 ARG:38 84 0 10 96 21 14 55 83 94 60 45 11 22 36 47 79 12 37 17 13 93 28 39 89 72 25 86 74 75 5 6 20 46 95 49 61 29 24 8 48 31 69 51 87 59 77 66 43 65 52 16 85 7 32 4 90 27 34 41 91 18 26 98 76 42 62 58 19 30 70 67 88 3 81 40 54 73 9 68 56 44 63 78 82 1 80 92 53 64 23 71 97 15 57 33 50 35 2 99
TEST 2 ARG:38 84 0 10 96 21 14 55 83 94 60 45 11 22 36 47 79 12 37 17 13 93 28 39 89 72 25 86 74 75 5 6 20 46 95 49 61 29 24 8 48 31 69 51 87 59 77 66 43 65 52 16 85 7 32 4 90 27 34 41 91 18 26 98 76 42 62 58 19 30 70 67 88 3 81 40 54 73 9 68 56 44 63 78 82 1 80 92 53 64 23 71 97 15 57 33 50 35 2 99
TEST 3 ARG:41 39 53 70 43 89 79 55 57 98 31 64 9 81 26 83 15 94 76 0 69 51 54 10 86 62 33 35 36 29 63 90 32 75 34 19 84 68 50 59 92 5 58 2 80 14 18 49 44 45 66 24 11 87 17 91 74 99 46 28 6 88 72 61 3 12 52 65 85 1 13 23 82 38 37 25 71 21 97 60 48 47 22 20 93 67 42 73 8 40 95 4 16 7 30 77 96 27 78 56
TEST 3 ARG:41 39 53 70 43 89 79 55 57 98 31 64 9 81 26 83 15 94 76 0 69 51 54 10 86 62 33 35 36 29 63 90 32 75 34 19 84 68 50 59 92 5 58 2 80 14 18 49 44 45 66 24 11 87 17 91 74 99 46 28 6 88 72 61 3 12 52 65 85 1 13 23 82 38 37 25 71 21 97 60 48 47 22 20 93 67 42 73 8 40 95 4 16 7 30 77 96 27 78 56
TEST 4 ARG:29 48 72 91 98 57 80 73 51 27 3 23 74 24 78 96 69 43 19 0 64 90 89 66 63 82 58 2 86 71 99 35 97 62 45 68 40 59 12 95 94 39 88 28 25 52 76 26 92 37 53 6 7 15 33 75 36 55 31 85 18 1 83 38 67 87 5 65 16 61 30 93 14 32 22 44 34 10 84 47 17 77 60 49 54 81 79 20 13 42 8 4 9 56 70 41 21 46 11 50
TEST 4 ARG:29 48 72 91 98 57 80 73 51 27 3 23 74 24 78 96 69 43 19 0 64 90 89 66 63 82 58 2 86 71 99 35 97 62 45 68 40 59 12 95 94 39 88 28 25 52 76 26 92 37 53 6 7 15 33 75 36 55 31 85 18 1 83 38 67 87 5 65 16 61 30 93 14 32 22 44 34 10 84 47 17 77 60 49 54 81 79 20 13 42 8 4 9 56 70 41 21 46 11 50
TEST 5 ARG:17 64 93 87 18 69 26 75 40 52 85 72 0 60 62 7 58 74 9 29 99 43 15 19 5 82 2 57 76 67 8 95 48 96 68 92 3 38 28 37 80 44 27 84 11 4 70 21 33 35 25 63 89 94 54 73 22 36 41 78 97 50 91 81 46 86 77 56 31 12 88 34 32 16 49 66 83 98 6 42 30 53 55 65 61 79 10 71 39 14 13 90 59 1 47 23 51 20 45 24
TEST 5 ARG:17 64 93 87 18 69 26 75 40 52 85 72 0 60 62 7 58 74 9 29 99 43 15 19 5 82 2 57 76 67 8 95 48 96 68 92 3 38 28 37 80 44 27 84 11 4 70 21 33 35 25 63 89 94 54 73 22 36 41 78 97 50 91 81 46 86 77 56 31 12 88 34 32 16 49 66 83 98 6 42 30 53 55 65 61 79 10 71 39 14 13 90 59 1 47 23 51 20 45 24
TEST 6 ARG:83 60 45 3 90 17 29 1 18 20 10 47 28 36 50 51 99 92 49 54 75 19 32 57 33 61 25 30 42 94 80 43 9 98 87 41 53 13 68 21 72 15 46 0 84 37 8 12 6 59 56 2 79 76 22 7 23 63 69 73 16 91 5 97 81 96 11 66 65 38 31 71 89 85 24 93 34 44 27 77 39 48 55 82 40 35 64 95 26 88 78 4 67 58 70 14 86 74 62 52
TEST 6 ARG:83 60 45 3 90 17 29 1 18 20 10 47 28 36 50 51 99 92 49 54 75 19 32 57 33 61 25 30 42 94 80 43 9 98 87 41 53 13 68 21 72 15 46 0 84 37 8 12 6 59 56 2 79 76 22 7 23 63 69 73 16 91 5 97 81 96 11 66 65 38 31 71 89 85 24 93 34 44 27 77 39 48 55 82 40 35 64 95 26 88 78 4 67 58 70 14 86 74 62 52
TEST 7 ARG:78 63 25 49 22 83 20 58 15 69 29 67 55 91 86 35 62 95 48 82 68 41 80 56 94 90 79 52 3 23 43 87 64 45 24 42 37 1 88 98 60 18 74 51 8 97 61 96 57 76 27 44 46 75 38 4 84 33 85 21 11 50 39 26 17 32 93 66 14 73 30 10 0 34 16 5 70 59 19 77 54 9 28 47 89 65 13 40 36 6 53 99 12 92 72 81 71 7 2 31
TEST 7 ARG:78 63 25 49 22 83 20 58 15 69 29 67 55 91 86 35 62 95 48 82 68 41 80 56 94 90 79 52 3 23 43 87 64 45 24 42 37 1 88 98 60 18 74 51 8 97 61 96 57 76 27 44 46 75 38 4 84 33 85 21 11 50 39 26 17 32 93 66 14 73 30 10 0 34 16 5 70 59 19 77 54 9 28 47 89 65 13 40 36 6 53 99 12 92 72 81 71 7 2 31
TEST 8 ARG:74 97 17 6 55 80 63 64 29 49 70 51 35 84 72 34 13 57 65 39 54 37 58 42 52 26 68 61 75 93 77 60 81 79 98 30 66 76 43 12 32 59 44 16 28 15 14 96 94 53 0 11 5 78 40 62 41 95 99 38 9 18 73 22 33 83 27 71 31 7 20 19 1 86 25 69 10 24 48 46 92 89 36 56 8 85 87 2 45 90 47 21 3 50 67 91 82 4 88 23
TEST 8 ARG:74 97 17 6 55 80 63 64 29 49 70 51 35 84 72 34 13 57 65 39 54 37 58 42 52 26 68 61 75 93 77 60 81 79 98 30 66 76 43 12 32 59 44 16 28 15 14 96 94 53 0 11 5 78 40 62 41 95 99 38 9 18 73 22 33 83 27 71 31 7 20 19 1 86 25 69 10 24 48 46 92 89 36 56 8 85 87 2 45 90 47 21 3 50 67 91 82 4 88 23
TEST 9 ARG:24 35 3 97 6 5 14 85 37 83 34 78 9 90 45 91 69 77 44 94 43 46 71 20 72 29 50 82 10 84 19 54 4 96 89 66 16 52 86 32 8 74 55 70 36 22 64 88 25 87 33 59 23 40 0 92 49 57 13 93 73 27 99 41 68 12 76 53 39 38 21 11 60 67 2 17 81 7 63 1 58 95 61 42 56 65 26 28 18 80 48 15 51 31 98 30 79 62 47 75
TEST 9 ARG:24 35 3 97 6 5 14 85 37 83 34 78 9 90 45 91 69 77 44 94 43 46 71 20 72 29 50 82 10 84 19 54 4 96 89 66 16 52 86 32 8 74 55 70 36 22 64 88 25 87 33 59 23 40 0 92 49 57 13 93 73 27 99 41 68 12 76 53 39 38 21 11 60 67 2 17 81 7 63 1 58 95 61 42 56 65 26 28 18 80 48 15 51 31 98 30 79 62 47 75
TEST 10 ARG:41 87 35 7 90 36 47 95 57 14 91 3 0 51 39 65 19 81 76 74 89 42 34 77 72 24 52 38 67 85 23 83 80 17 78 44 32 97 79 27 40 9 10 59 15 48 58 86 66 88 43 25 63 92 28 69 56 6 2 45 46 49 31 12 98 1 30 99 94 75 33 64 11 29 22 5 8 50 53 21 37 4 62 71 20 26 55 18 13 16 82 93 60 96 73 54 68 61 84 70
TEST 10 ARG:41 87 35 7 90 36 47 95 57 14 91 3 0 51 39 65 19 81 76 74 89 42 34 77 72 24 52 38 67 85 23 83 80 17 78 44 32 97 79 27 40 9 10 59 15 48 58 86 66 88 43 25 63 92 28 69 56 6 2 45 46 49 31 12 98 1 30 99 94 75 33 64 11 29 22 5 8 50 53 21 37 4 62 71 20 26 55 18 13 16 82 93 60 96 73 54 68 61 84 70
TEST 11 ARG:74 65 52 55 50 24 98 23 4 18 53 85 71 28 32 27 61 78 36 3 90 46 82 8 5 20 72 43 57 67 88 49 75 45 64 99 51 29 54 63 14 40 83 80 41 16 34 2 60 94 13 69 91 77 1 87 73 62 37 44 9 92 35 21 31 17 47 84 70 26 66 96 89 39 59 48 68 38 7 58 33 10 79 15 6 12 86 42 19 81 95 93 76 56 30 25 97 22 11 0
TEST 12 ARG:41 46 32 9 64 99 27 30 60 68 29 36 78 63 12 38 97 34 67 58 49 53 1 90 74 69 25 20 40 94 82 0 43 57 14 24 95 13 17 19 35 54 86 76 75 81 44 22 5 48 37 33 39 47 8 21 92 16 96 2 51 6 83 31 23 89 98 59 10 52 56 4 84 28 80 77 72 66 93 70 73 45 15 61 91 87 42 50 7 71 26 3 55 85 18 62 65 79 88 11
TEST 12 ARG:41 46 32 9 64 99 27 30 60 68 29 36 78 63 12 38 97 34 67 58 49 53 1 90 74 69 25 20 40 94 82 0 43 57 14 24 95 13 17 19 35 54 86 76 75 81 44 22 5 48 37 33 39 47 8 21 92 16 96 2 51 6 83 31 23 89 98 59 10 52 56 4 84 28 80 77 72 66 93 70 73 45 15 61 91 87 42 50 7 71 26 3 55 85 18 62 65 79 88 11
TEST 13 ARG:37 86 66 3 60 13 70 42 26 78 76 10 73 25 51 29 88 4 6 99 21 63 80 46 77 18 9 61 39 38 91 67 85 48 97 11 8 43 23 49 69 31 45 36 93 33 74 52 16 82 19 27 68 2 96 7 98 83 5 92 64 72 95 14 47 20 41 28 1 79 59 65 22 32 84 58 17 87 40 53 34 30 62 24 75 57 12 81 94 0 55 54 71 56 89 15 35 50 90 44
TEST 13 ARG:37 86 66 3 60 13 70 42 26 78 76 10 73 25 51 29 88 4 6 99 21 63 80 46 77 18 9 61 39 38 91 67 85 48 97 11 8 43 23 49 69 31 45 36 93 33 74 52 16 82 19 27 68 2 96 7 98 83 5 92 64 72 95 14 47 20 41 28 1 79 59 65 22 32 84 58 17 87 40 53 34 30 62 24 75 57 12 81 94 0 55 54 71 56 89 15 35 50 90 44
TEST 14 ARG:10 83 57 86 17 20 48 67 84 96 76 44 94 27 93 7 79 32 58 13 66 6 59 51 8 41 31 15 26 47 38 54 14 69 16 99 70 92 65 33 71 12 91 18 85 19 68 55 0 2 36 87 97 35 80 74 62 52 61 21 3 63 64 37 28 50 40 75 24 25 81 78 49 89 45 60 4 23 39 88 56 90 9 77 46 29 11 95 5 82 72 34 42 98 53 30 22 1 43 73
TEST 14 ARG:10 83 57 86 17 20 48 67 84 96 76 44 94 27 93 7 79 32 58 13 66 6 59 51 8 41 31 15 26 47 38 54 14 69 16 99 70 92 65 33 71 12 91 18 85 19 68 55 0 2 36 87 97 35 80 74 62 52 61 21 3 63 64 37 28 50 40 75 24 25 81 78 49 89 45 60 4 23 39 88 56 90 9 77 46 29 11 95 5 82 72 34 42 98 53 30 22 1 43 73
TEST 15 ARG:47 86 8 35 14 76 3 29 24 49 63 23 2 26 54 75 98 38 15 84 40 0 85 79 59 94 51 68 22 32 9 12 77 44 58 69 13 97 46 60 62 78 99 71 55 33 1 93 56 91 82 53 42 27 92 70 17 81 19 87 48 83 10 64 67 41 28 43 31 57 74 88 45 73 16 30 66 95 72 39 4 37 7 50 21 20 5 11 18 96 36 80 34 6 90 89 65 25 61 52
TEST 15 ARG:47 86 8 35 14 76 3 29 24 49 63 23 2 26 54 75 98 38 15 84 40 0 85 79 59 94 51 68 22 32 9 12 77 44 58 69 13 97 46 60 62 78 99 71 55 33 1 93 56 91 82 53 42 27 92 70 17 81 19 87 48 83 10 64 67 41 28 43 31 57 74 88 45 73 16 30 66 95 72 39 4 37 7 50 21 20 5 11 18 96 36 80 34 6 90 89 65 25 61 52
TEST 16 ARG:24 74 38 27 71 39 26 57 73 51 21 83 86 80 93 23 68 5 0 2 50 92 10 22 25 90 97 99 9 61 82 45 33 52 89 4 79 69 96 98 64 37 67 14 60 72 85 76 70 29 43 56 53 32 18 47 30 78 28 58 17 35 77 75 62 84 48 81 59 15 46 20 1 8 31 65 49 19 34 95 91 88 44 63 54 13 66 94 16 6 55 42 41 11 12 87 40 3 7 36
TEST 16 ARG:24 74 38 27 71 39 26 57 73 51 21 83 86 80 93 23 68 5 0 2 50 92 10 22 25 90 97 99 9 61 82 45 33 52 89 4 79 69 96 98 64 37 67 14 60 72 85 76 70 29 43 56 53 32 18 47 30 78 28 58 17 35 77 75 62 84 48 81 59 15 46 20 1 8 31 65 49 19 34 95 91 88 44 63 54 13 66 94 16 6 55 42 41 11 12 87 40 3 7 36
